4 4
5 0 0 0 0 0 0 0 0 0 0 0 0 0 0 2 
0 0 0 0 0 0 0 0 0 0 0 0 0 0 0 0 
0 0 0 0 F 0 0 0 0 0 0 0 0 0 0 0 
0 0 E 7 0 0 0 0 0 0 0 0 D 0 0 0 
0 0 0 0 0 0 0 0 0 0 0 4 0 0 0 0 
6 0 4 0 0 0 0 2 0 0 0 0 0 0 0 0 
0 0 0 0 0 0 G 0 0 0 0 5 0 0 0 C 
0 G 0 0 0 0 0 0 0 0 0 0 0 0 0 0 
0 0 0 0 B 0 0 0 0 0 0 0 0 0 0 0 
0 0 0 0 0 0 0 0 9 0 0 0 0 0 0 0 
0 0 0 0 0 0 0 0 0 7 6 0 0 0 0 0 
0 0 0 6 0 0 0 0 0 0 0 0 0 0 0 0 
0 0 0 0 0 0 0 0 0 0 0 0 0 0 0 0 
0 0 0 8 0 0 0 0 0 0 0 0 0 0 0 0 
0 0 0 0 0 0 0 0 0 0 0 0 0 0 0 0 
0 0 0 0 0 0 0 0 0 0 0 0 0 0 0 0 
