4 4
0 0 0 0 0 0 0 0 0 0 0 0 0 0 0 0 
0 9 0 0 0 0 0 0 0 0 0 0 0 0 0 0 
0 0 0 0 0 0 0 0 0 0 0 0 0 0 9 0 
0 0 0 0 0 D 0 0 0 0 0 0 0 0 0 0 
0 0 0 0 0 0 0 0 0 3 0 0 0 0 0 0 
0 0 0 8 0 0 0 0 0 0 0 D 1 0 0 0 
0 0 0 0 0 0 0 0 0 0 0 0 0 0 0 0 
0 0 0 G 0 0 0 0 0 0 0 0 9 0 0 0 
0 0 0 0 0 0 0 0 0 0 2 0 0 0 0 0 
0 0 0 0 0 0 0 0 0 0 0 0 0 0 0 0 
0 0 9 0 2 0 0 0 0 0 0 0 0 0 0 0 
0 F 0 D 0 A 0 0 0 0 0 0 0 8 0 0 
0 0 0 0 0 C A 0 0 0 0 0 0 0 0 0 
0 0 0 0 0 0 0 0 0 0 0 0 0 0 0 0 
2 0 0 0 0 0 0 0 0 0 0 0 0 0 0 0 
0 0 A 0 0 0 0 0 0 0 0 0 0 0 0 0 
